1 0.055631
2 0.113391
3 0.181692
4 0.244062
5 0.297404
6 0.356614
7 0.412101
8 0.459746
9 0.518737
10 0.573791
11 0.634727
12 0.694351
13 0.740621
14 0.788329
15 0.844507
16 0.896218
17 0.949371
18 0.993944
19 1.039450
20 1.090103
21 1.137091
22 1.180120
23 1.226387
24 1.254899
25 1.263575
26 1.290509
27 1.318170
28 1.522768
29 1.589460
30 1.573580
31 1.622990
32 1.663990
33 1.682844
34 1.682486
35 1.718819
36 1.757055
37 1.800365
38 1.816541
39 1.851038
40 1.883498
41 1.936487
42 1.968261
43 1.990765
44 2.002445
45 2.034483
46 2.041141
47 2.060344
48 2.079149
49 2.108102
50 2.134977
51 2.158455
52 2.178035
53 2.198928
54 2.229480
55 2.242393
56 2.261159
57 2.271440
58 2.271450
59 2.291607
60 2.310248
61 2.325922
62 2.345411
63 2.368387
64 2.390871
65 2.412867
66 2.436304
67 2.457079
68 2.476510
69 2.492079
70 2.547825
71 2.549890
72 2.563108
73 2.573209
74 2.584225
75 2.590214
76 2.598305
77 2.613210
78 2.632859
79 2.637613
80 2.640038
81 2.658309
82 2.679858
83 2.691059
84 2.699921
85 2.734212
86 2.749201
87 2.777801
88 2.797489
89 2.810340
90 2.821031
91 2.835321
92 2.848161
93 2.860163
94 2.886063
95 2.913672
96 2.943145
97 2.979173
98 3.017851
99 3.070728
100 3.102524
101 3.142251
102 3.174455
103 3.188696
104 3.254577
105 3.283869
106 3.308106
107 3.320378
108 3.342192
109 3.353363
110 3.360279
111 3.376565
112 3.391879
113 3.415802
114 3.426547
115 3.445283
116 3.462506
117 3.481209
118 3.510775
119 3.528691
120 3.539566
121 3.565498
122 3.581045
123 3.592000
124 3.598917
125 3.606384
126 3.614821
127 3.618612
128 3.622329
129 3.625970
130 3.638491
131 3.654118
132 3.670551
133 3.686655
134 3.710271
135 3.724462
136 3.757274
137 3.778166
138 3.792058
139 3.801858
140 3.815653
141 3.827816
142 3.840039
143 3.851027
144 3.860511
145 3.878327
146 3.919862
147 3.947028
148 3.972307
149 3.983481
150 3.991868
151 4.006802
152 4.008918
153 4.015861
154 4.014200
155 4.018179
156 4.022087
157 4.019185
158 4.021927
159 4.031382
160 4.040576
161 4.056664
162 4.064282
163 4.077221
164 4.100648
165 4.103363
166 4.114886
167 4.114780
168 4.116885
169 4.120587
170 4.117457
171 4.123296
172 4.140183
173 4.156780
174 4.174218
175 4.194109
176 4.206855
177 4.215235
178 4.224361
179 4.235670
180 4.240833
181 4.243895
182 4.251362
183 4.254216
184 4.262610
185 4.266358
186 4.277858
187 4.287999
188 4.291248
189 4.290540
190 4.289556
191 4.299103
192 4.313971
193 4.321151
194 4.325586
195 4.331820
196 4.337543
197 4.350972
198 4.364146
199 4.371456
200 4.380849
201 4.396775
202 4.408502
203 4.422769
204 4.429971
205 4.439410
206 4.450334
207 4.460063
208 4.469499
209 4.481233
210 4.488128
211 4.494074
212 4.503606
213 4.510290
214 4.516106
215 4.523355
216 4.532179
217 4.538545
218 4.544946
219 4.548431
220 4.561193
221 4.575666
222 4.578079
223 4.586946
224 4.603762
225 4.614829
226 4.626963
227 4.637792
228 4.648457
229 4.664423
230 4.671105
231 4.676702
232 4.685007
233 4.692996
234 4.695621
235 4.699572
236 4.707656
237 4.717750
238 4.730212
239 4.737461
240 4.745270
241 4.773880
242 4.789027
243 4.807617
244 4.822616
245 4.835017
246 4.851235
247 4.856005
248 4.861363
249 4.867512
250 4.871290
251 4.872766
252 4.886512
253 4.893277
254 4.899869
255 4.910619
256 4.909579
257 4.913045
258 4.918666
259 4.924183
260 4.925706
261 4.935048
262 4.935242
263 4.939909
264 4.941121
265 4.943434
266 4.945702
267 4.951279
268 4.961216
269 4.972083
270 4.974886
271 4.977453
272 4.984822
273 4.998574
274 5.005829
275 5.016984
276 5.039143
277 5.054738
278 5.059449
279 5.058361
280 5.054542
281 5.053037
282 5.048206
283 5.054661
284 5.062105
285 5.079471
286 5.081944
287 5.084367
288 5.082265
289 5.085801
290 5.092623
291 5.099308
292 5.098027
293 5.110199
294 5.125484
295 5.128155
296 5.138606
297 5.141014
298 5.145613
299 5.149000
300 5.157915
301 5.163294
302 5.168566
303 5.172958
304 5.188445
305 5.193557
306 5.203734
307 5.209666
308 5.220877
309 5.233904
310 5.247353
311 5.254269
312 5.263110
313 5.267684
314 5.269905
315 5.277685
316 5.286416
317 5.295004
318 5.301152
319 5.307310
320 5.307855
321 5.304656
322 5.311749
323 5.326841
324 5.333141
325 5.348580
326 5.367111
327 5.378744
328 5.384131
329 5.400201
330 5.415079
331 5.438665
332 5.451953
333 5.462645
334 5.479552
335 5.497906
336 5.509733
337 5.517137
338 5.527353
339 5.539864
340 5.559028
341 5.571929
342 5.583675
343 5.594766
344 5.607061
345 5.621192
346 5.631732
347 5.640120
348 5.658911
349 5.679146
350 5.694328
351 5.708324
352 5.720293
353 5.737047
354 5.746477
355 5.764584
356 5.785726
357 5.827654
358 5.818414
359 5.851913
360 5.876908
361 5.878973
362 5.902303
363 5.919526
364 5.925501
365 5.938694
366 5.954122
367 5.974794
368 5.992839
369 6.008545
370 6.017226
371 6.028071
372 6.044421
373 6.056796
374 6.072407
375 6.086836
376 6.102626
377 6.114167
378 6.128062
379 6.144234
380 6.157843
381 6.171743
382 6.185390
383 6.206086
384 6.219129
385 6.230529
386 6.242922
387 6.251218
388 6.261586
389 6.259438
390 6.268523
391 6.283021
392 6.293872
393 6.304506
394 6.314927
395 6.324021
396 6.332933
397 6.342785
398 6.356917
399 6.367409
400 6.381048
401 6.393295
402 6.408654
403 6.419230
404 6.429595
405 6.437514
406 6.446394
407 6.456215
408 6.463602
409 6.475318
410 6.484560
411 6.494737
412 6.503340
413 6.514147
414 6.538467
415 6.566090
416 6.589078
417 6.612385
418 6.656446
419 6.685847
420 6.710383
421 6.736803
422 6.776586
423 6.823941
424 6.861733
425 6.888053
426 6.911723
427 6.937078
428 6.971145
429 7.023526
430 7.048563
431 7.067386
432 7.087579
433 7.129603
434 7.158473
435 7.184932
436 7.213009
437 7.245113
438 7.266272
439 7.289491
440 7.313342
441 7.329114
442 7.348181
443 7.375897
444 7.417493
445 7.439484
446 7.469616
447 7.495971
448 7.506054
449 7.526960
450 7.549196
451 7.560040
452 7.589643
453 7.615195
454 7.637037
455 7.660528
456 7.681381
457 7.679397
458 7.682916
459 7.704422
460 7.714218
461 7.722483
462 7.737861
463 7.746677
464 7.759553
465 7.771604
466 7.781949
467 7.790791
468 7.798749
469 7.806669
470 7.817488
471 7.827158
472 7.834461
473 7.856349
474 7.866390
475 7.874442
476 7.896105
477 7.906712
478 7.920091
479 7.923391
480 7.934057
481 7.950252
482 7.958546
483 7.967670
484 7.967407
485 7.967364
486 7.972901
487 7.999312
488 8.011612
489 8.027546
490 8.041851
491 8.066095
492 8.077884
493 8.093651
494 8.103060
495 8.118305
496 8.135455
497 8.150104
498 8.153914
499 8.164600
500 8.183961
501 8.194978
502 8.209191
503 8.232112
504 8.243255
505 8.255738
506 8.268737
507 8.274986
508 8.278948
509 8.293906
510 8.306219
511 8.321785
512 8.324779
513 8.320531
514 8.320843
515 8.320030
516 8.328185
517 8.335058
518 8.333960
519 8.340718
520 8.341745
521 8.340514
522 8.340427
523 8.332508
524 8.338176
525 8.342611
526 8.344719
527 8.349024
528 8.356599
529 8.362464
530 8.366401
531 8.378603
532 8.380533
533 8.389122
534 8.398514
535 8.402296
536 8.412706
537 8.417308
538 8.428408
539 8.435997
540 8.445742
541 8.454150
542 8.457271
543 8.465438
544 8.467835
545 8.470150
546 8.474456
547 8.477370
548 8.479110
549 8.479687
550 8.481362
551 8.488615
552 8.494614
553 8.498242
554 8.505120
555 8.511905
556 8.517438
557 8.522850
558 8.529249
559 8.532175
560 8.541779
561 8.543353
562 8.549338
563 8.551875
564 8.559952
565 8.558938
566 8.561252
567 8.566898
568 8.576924
569 8.584495
570 8.595265
571 8.614785
572 8.628326
573 8.643838
574 8.657864
575 8.673903
576 8.684029
577 8.681609
578 8.695521
579 8.703566
580 8.717576
581 8.729026
582 8.743132
583 8.755404
584 8.768462
585 8.778417
586 8.787609
587 8.800537
588 8.810386
589 8.826404
590 8.842230
591 8.850839
592 8.855118
593 8.864397
594 8.872839
595 8.892452
596 8.903555
597 8.914240
598 8.927617
599 8.943255
600 8.952151
601 8.966988
602 8.977148
603 8.985380
604 8.995164
605 9.013984
606 9.030741
607 9.049739
608 9.059808
609 9.079329
610 9.086629
611 9.099886
612 9.109767
613 9.124365
614 9.139377
615 9.149104
616 9.166878
617 9.178727
618 9.188518
619 9.199785
620 9.208936
621 9.182703
622 9.187413
623 9.192475
624 9.220598
625 9.234569
626 9.251875
627 9.270828
628 9.285021
629 9.298881
630 9.322584
631 9.343555
632 9.364529
633 9.380205
634 9.390426
635 9.407759
636 9.426998
637 9.446080
638 9.462229
639 9.478132
640 9.494936
641 9.502362
642 9.526476
643 9.542223
644 9.559932
645 9.577301
646 9.590226
647 9.608103
648 9.623362
649 9.637606
650 9.651991
651 9.663353
652 9.680876
653 9.698027
654 9.710387
655 9.730326
656 9.746524
657 9.757856
658 9.773506
659 9.788835
660 9.820814
661 9.842156
662 9.863354
663 9.884437
664 9.899508
665 9.916379
666 9.929348
667 9.940756
668 9.956529
669 9.976461
670 9.992600
671 10.004200
672 10.017500
673 10.027903
674 10.039587
675 10.040727
676 10.041843
677 10.054127
678 10.068381
679 10.080127
680 10.086049
681 10.090694
682 10.093034
683 10.097251
684 10.104920
685 10.118164
686 10.122212
687 10.132871
688 10.138853
689 10.148074
690 10.166569
691 10.184187
692 10.192982
693 10.205582
694 10.212027
695 10.226861
696 10.241937
697 10.260491
698 10.282940
699 10.298237
700 10.309866
701 10.324605
702 10.341300
703 10.359591
704 10.383637
705 10.407942
706 10.421388
707 10.455049
708 10.473525
709 10.509084
710 10.526875
711 10.560520
712 10.581283
713 10.607031
714 10.632326
715 10.651197
716 10.673244
717 10.707608
718 10.727934
719 10.742466
720 10.788658
721 10.808468
722 10.829941
723 10.854082
724 10.877612
725 10.901802
726 10.917798
727 10.939099
728 10.957662
729 10.980018
730 11.001397
731 11.019259
732 11.052568
733 11.070529
734 11.078270
735 11.104065
736 11.124644
737 11.148139
738 11.156665
739 11.159068
740 11.164575
741 11.171100
742 11.176372
743 11.177061
744 11.177735
745 11.177679
746 11.189567
747 11.194464
748 11.202626
749 11.202795
750 11.206314
751 11.209756
752 11.217609
753 11.227553
754 11.237291
755 11.245709
756 11.252848
757 11.257604
758 11.257792
759 11.260205
760 11.261457
761 11.263806
762 11.266102
763 11.277304
764 11.291643
765 11.304577
766 11.309419
767 11.323103
768 11.333173
769 11.347514
770 11.361576
771 11.374214
772 11.388478
773 11.404414
774 11.415981
775 11.428775
776 11.432745
777 11.439684
778 11.449434
779 11.462416
780 11.474343
781 11.483060
782 11.488040
783 11.497715
784 11.504964
785 11.510967
786 11.520205
787 11.529274
788 11.542566
789 11.552291
790 11.557376
791 11.564538
792 11.573801
793 11.577292
794 11.580746
795 11.585226
796 11.596316
797 11.610547
798 11.616633
799 11.619322
800 11.622847
801 11.620801
802 11.627767
803 11.635688
804 11.646803
805 11.654351
806 11.671835
807 11.683359
808 11.694623
809 11.700107
810 11.699887
811 11.707492
812 11.711571
813 11.721174
814 11.727259
815 11.739913
816 11.747817
817 11.754462
818 11.762095
819 11.770707
820 11.784710
821 11.790621
822 11.800903
823 11.810698
824 11.811264
825 11.816297
826 11.827952
827 11.838249
828 11.839370
829 11.846088
830 11.845952
831 11.851418
832 11.861231
833 11.869736
834 11.883613
835 11.906982
836 11.913428
837 11.930543
838 11.938117
839 11.948436
840 11.959685
841 11.975868
842 11.985407
843 11.991414
844 11.997381
845 12.008787
846 12.025496
847 12.050134
848 12.069762
849 12.088364
850 12.093546
851 12.108042
852 12.116843
853 12.136020
854 12.154926
855 12.164114
856 12.183775
857 12.197889
858 12.208889
859 12.219891
860 12.231142
861 12.245383
862 12.266789
863 12.277779
864 12.296272
865 12.315260
866 12.328216
867 12.348036
868 12.374653
869 12.399253
870 12.411752
871 12.420762
872 12.430673
873 12.444632
874 12.456297
875 12.470877
876 12.489803
877 12.497205
878 12.503024
879 12.518056
880 12.528751
881 12.539534
882 12.553725
883 12.563959
884 12.579029
885 12.592491
886 12.606777
887 12.619643
888 12.633383
889 12.652452
890 12.656396
891 12.666050
892 12.680923
893 12.692309
894 12.705154
895 12.711048
896 12.724090
897 12.735722
898 12.748253
899 12.761676
900 12.779296
901 12.789827
902 12.806880
903 12.816876
904 12.833822
905 12.846990
906 12.864175
907 12.878621
908 12.895005
909 12.913066
910 12.928190
911 12.947044
912 12.971411
913 12.991487
914 13.017611
915 13.048492
916 13.071325
917 13.117208
918 13.130131
919 13.135545
920 13.148377
921 13.155633
922 13.165603
923 13.178938
924 13.192421
925 13.202248
926 13.214147
927 13.222470
928 13.232860
929 13.250774
930 13.260588
931 13.272796
932 13.279271
933 13.283254
934 13.290541
935 13.296552
936 13.303536
937 13.311516
938 13.323806
939 13.339241
940 13.359914
941 13.377961
942 13.391170
943 13.399728
944 13.401552
945 13.408949
946 13.427392
947 13.435538
948 13.444510
949 13.456747
950 13.466364
951 13.479506
952 13.511196
953 13.525221
954 13.586365
955 13.600293
956 13.617517
957 13.615846
958 13.611715
959 13.603146
960 13.610473
961 13.621656
962 13.629139
963 13.641139
964 13.651133
965 13.657648
966 13.664836
967 13.669211
968 13.677252
969 13.679392
970 13.685981
971 13.692428
972 13.693142
973 13.699443
974 13.707854
975 13.717620
976 13.723463
977 13.734760
978 13.746940
979 13.763533
980 13.779868
981 13.792276
982 13.799939
983 13.811941
984 13.823703
985 13.832994
986 13.838729
987 13.843234
988 13.852569
989 13.866856
990 13.881817
991 13.899506
992 13.913826
993 13.929102
994 13.943177
995 13.953523
996 13.965878
997 13.973524
998 13.985485
999 14.008425
1000 14.016296
